1,,,182311,1
2,,,182312,1
3,,,182313,1
4,,,182314,1
5,,,182315,1
6,,,182316,1
7,,,182317,1
8,,,182318,1
9,,,182319,1
10,,,243611,2
11,,,243612,2
12,,,243613,2
13,,,243614,2
14,,,243615,2
15,,,243616,2
16,,,243617,2
17,,,243618,2
18,,,243619,2
19,,,CI821,3
20,,,CI822,3
21,,,CI823,3
22,,,CI824,3
23,,,CI825,3
24,,,CI826,3
25,,,CI827,3
26,,,CI828,3
27,,,CI829,3
28,,,TG721,4
29,,,TG722,4
30,,,TG723,4
31,,,TG724,4
32,,,TG725,4
33,,,TG726,4
34,,,TG727,4
35,,,TG728,4
36,,,TG729,4
37,,,SK581,5
38,,,SK582,5
39,,,SK583,5
40,,,SK584,5
41,,,SK585,5
42,,,SK586,5
43,,,SK587,5
44,,,SK588,5
45,,,SK589,5
